Argentina 24 24 28.4 57.4 7 690 15 8 11 17 0 6 3 95 115 23 5 2 1 357 83 90
Brazil 26 26 28.5 56.2 5 480 8 6 7 6 0 7 2 95 74 8 1 0 0 271 43 56
Croatia 21 21 29.2 54.3 7 690 8 8 8 8 0 24 2 79 90 11 0 1 0 409 87 87
England 20 20 27 62.8 5 450 13 11 12 1 0 7 3 61 65 5 2 1 0 227 60 66
France 24 24 27.2 51.3 7 660 16 12 14 8 0 19 1 100 85 16 1 4 0 364 106 78
Mexico 21 21 29 54 3 270 2 1 2 7 0 2 1 41 48 13 0 1 0 151 48 51
Morocco 25 25 27.2 39 7 660 6 4 6 9 1 10 4 61 81 19 0 0 1 369 70 85
Netherlands 21 21 27.6 53 5 480 10 8 10 12 1 18 2 42 50 8 0 1 0 241 79 70
Portugal 24 24 27.8 60.4 5 450 12 10 10 6 0 11 1 64 65 14 1 0 0 256 66 53
Senegal 20 20 27.7 44.8 4 360 5 2 4 7 0 7 0 51 57 8 1 0 0 192 72 63
Switzerland 24 24 28.5 49 4 360 5 4 5 9 0 14 1 37 49 6 0 0 0 190 45 49
